241 241
0.0041494 0 1.7857e-297 1.0155e-233 9.2718e-227 1.8509e-187 4.5464e-212 0 1.9938e-270 0 0 0 0 0 0 0 0 0 2.668e-322 3.7504e-293 2.2828e-294 0 0 0 0 0 0 0 0 5.3767e-187 0 0 6.0073e-230 0 2.0126e-282 0 4.5975e-223 1.4847e-188 0 0 0 0 9.6328e-304 1.0408e-187 0 0 1.0618e-215 0 0 7.6949e-224 0 0 0 0 0 4.3979e-306 0 7.1324e-267 0 0 0 5.7434e-254 4.2991e-249 0 0 0 0 0 0 0 0 3.7064e-97 0 6.1603e-91 0 0 0 0 0 0 0 0 0 3.3079e-280 0 0 2.4873e-173 0 2.616e-239 0 0 0 0 0 0 0 1.168e-312 0 0 0 0 0 0 0 5.0488e-272 4.8374e-274 1.3198e-305 2.6583e-318 0 1.2573e-259 0 1.2666e-254 0 4.6999e-267 0 2.4554e-183 5.0066e-297 0 1.5502e-252 0 0 0 0 4.2756e-214 0 1.0083e-259 2.266e-236 0 0 4.3538e-231 0 0 0 9.8168e-243 0 0 0 1.392e-265 0 0 0 0 2.0171e-293 8.6003e-265 0 0 0 0 2.7864e-222 0 0 1.1465e-186 0 0 0 0 0 0 6.4157e-266 4.5979e-200 0 1.7535e-89 6.8671e-180 0 0 1.7547e-312 0 0 0 0 0 1.4897e-148 0 0 9.9227e-235 0 0 2.6612e-110 0 0 2.7864e-222 0 0 0 1.2009e-248 0 1.1267e-302 4.2735e-267 0 0 0 0 0 1.1137e-254 0 0 0 0 0 1.4273e-207 0 0 0 0 0 0 0 0 1.9671e-273 0 0 0 4.4863e-225 0 8.7681e-226 0 0 8.2943e-196 0 0 0 0 0 3.5575e-234 1.7344e-254 3.1035e-135 0 0 2.1336e-165 4.8763e-286 0 0 0 0 0 0 0 0 0 1.849e-270 0
0 0.0041494 0 2.181e-152 7.3578e-62 3.4392e-89 0 1.8609e-136 6.7295e-295 0 1.0929e-117 0 5.3792e-77 1.0271e-72 1.5858e-263 5.8081e-97 0 0 2.6461e-168 2.6594e-314 3.8394e-30 0 0 0 0 1.0469e-151 0 4.1208e-237 7.5247e-114 3.2152e-119 0 4.021e-147 8.4409e-222 8.2636e-115 6.3024e-152 1.5509e-214 0 6.4524e-168 0 8.7173e-120 9.0346e-313 1.2054e-110 2.3144e-80 3.0164e-209 1.2868e-310 0 3.9682e-62 8.2896e-246 0 7.712e-307 7.7786e-84 0 4.0029e-161 1.5745e-137 4.0009e-212 3.476e-221 0 8.4614e-87 4.3788e-140 7.4147e-252 0 1.3962e-82 4.0332e-188 0 3.851e-34 0 0 5.0704e-60 2.9397e-238 1.3753e-172 6.4527e-220 3.7761e-138 1.6723e-242 1.7948e-216 2.5369e-223 1.0675e-97 6.5237e-188 2.0951e-219 2.9511e-275 9.5935e-232 0 4.449e-245 3.0279e-81 1.6378e-82 6.4789e-79 1.215e-67 0 3.8799e-72 2.7747e-182 0 4.4736e-231 0 0 1.1233e-117 0 7.7429e-107 0 2.5068e-270 2.464e-207 9.438e-298 9.3306e-169 3.2698e-187 1.0036e-97 7.9213e-108 3.0355e-47 3.9961e-36 1.1784e-111 4.8916e-313 1.4124e-71 7.7193e-158 0 5.7413e-128 0 2.2641e-122 0 9.7653e-193 3.0122e-34 7.6349e-153 1.7789e-72 1.4944e-185 4.4401e-164 7.9985e-183 2.3969e-121 0 8.0647e-126 0 4.7126e-62 5.5708e-93 1.1627e-151 4.4104e-131 0 0 0 4.8782e-164 0 4.8319e-117 2.2588e-146 5.1432e-91 4.4274e-74 0 0 1.1776e-62 3.2624e-29 2.7561e-290 1.3666e-217 3.2956e-39 0 2.5606e-29 2.6453e-148 7.0909e-158 0 1.3955e-70 3.4017e-06 1.0035e-58 0 5.338e-105 0 3.4465e-295 1.445e-277 6.9026e-208 9.2253e-77 0 5.9038e-174 0 5.5594e-136 7.6643e-66 0 4.9183e-92 4.8156e-84 2.7047e-61 1.1912e-69 0 2.81e-96 6.1084e-34 0 6.9138e-59 5.8036e-12 2.5007e-92 2.4714e-58 2.1108e-123 2.6453e-148 1.1884e-45 0 1.2948e-236 2.3392e-269 1.6382e-166 8.9942e-146 0 5.9212e-32 2.5563e-289 7.3362e-45 3.1466e-85 3.1966e-83 1.7579e-80 3.5842e-69 0 6.4747e-56 2.1112e-129 2.5103e-42 0 3.6826e-32 4.4676e-76 0 1.116e-178 0 0 3.7702e-56 2.3174e-86 4.5931e-89 1.2456e-140 2.816e-127 1.4793e-35 8.6751e-125 0 1.4861e-25 1.933e-127 7.3984e-34 1.3048e-182 3.9171e-96 4.9576e-20 0 0 1.4891e-231 9.3061e-77 1.6442e-151 0 1.2716e-57 0 0 2.0088e-54 0 2.8703e-212 1.8392e-77 1.4835e-155 9.4725e-65 3.249e-73 8.7006e-163 4.1666e-63 9.3712e-222 2.0617e-70 0
1.7857e-297 0 0.0041494 0 9.017e-199 2.0213e-214 0 0 0 0 0 0 6.8969e-266 0 0 0 0 0 1.1904e-272 3.9496e-301 0 0 1.7794e-238 0 0 0 0 0 0 5.7267e-165 0 0 4.1755e-129 0 0 0 4.6645e-97 2.8673e-317 0 0 0 0 0 2.7575e-186 0 0 1.5326e-277 0 0 5.4441e-195 0 0 0 0 0 1.0929e-138 0 8.6578e-208 0 0 0 8.5877e-209 7.7679e-234 0 0 0 0 9.5755e-248 0 0 2.6019e-226 6.6834e-293 1.9092e-182 1.5427e-138 3.986e-127 3.7335e-306 0 0 3.1993e-189 0 0 0 3.2807e-275 9.9559e-150 0 8.794e-268 0 6.6675e-260 0 0 0 0 0 4.4214e-212 3.7203e-320 0 7.5701e-241 0 0 0 0 1.0497e-159 0 0 8.2972e-294 1.1439e-264 0 0 0 0 0 5.2908e-116 0 0 0 0 0 0 9.9754e-208 1.8272e-237 0 0 0 0 0 0 5.8083e-182 1.6398e-238 2.4351e-202 0 0 0 1.4075e-311 0 0 6.4312e-215 0 4.1475e-251 0 0 0 0 0 8.3114e-302 0 0 0 0 4.5028e-258 0 0 3.5267e-317 0 0 0 0 2.655e-271 0 2.1218e-285 0 0 0 1.6112e-125 0 0 0 0 0 4.9407e-324 0 0 0 0 0 0 0 0 2.3151e-246 0 2.8697e-207 4.5028e-258 2.898e-308 0 0 0 4.2411e-247 1.5527e-212 0 0 0 0 0 0 0 0 0 2.6489e-262 4.9407e-324 5.9509e-256 3.5018e-161 0 0 0 0 0 4.1559e-280 0 1.7386e-251 0 9.5215e-221 0 0 1.02e-184 0 0 0 0 8.1511e-229 0 0 0 0 0 4.1896e-287 2.0963e-194 0 0 0 0 0 0 0 0 0 0 1.1209e-218 0 0 0 4.4792e-248 5.765e-97
1.0155e-233 2.181e-152 0 0.0041494 1.2234e-204 1.1525e-174 4.1453e-203 8.5186e-194 0 0 4.1374e-295 0 1.5135e-282 4.3843e-195 0 3.2745e-315 0 0 1.0671e-224 1.4822e-323 7.8994e-102 0 0 0 0 0 0 8.0646e-300 4.8408e-97 4.8705e-237 0 8.6802e-249 2.7176e-297 9.8359e-179 2.758e-253 1.9052e-219 0 4.8819e-199 0 1.5806e-221 0 3.5851e-143 1.0665e-208 2.4091e-308 0 8.3003e-322 3.4775e-181 6.1254e-136 0 0 1.9046e-308 0 6.567e-211 4.3117e-205 1.5978e-224 0 0 1.7999e-249 4.1951e-101 3.8399e-248 0 2.5707e-275 2.7178e-210 0 2.418e-252 3.2239e-195 0 2.0775e-229 0 0 0 1.6269e-105 0 6.5057e-298 0 8.4094e-298 1.1657e-256 0 0 1.2905e-157 0 0 2.929e-192 2.023e-254 4.6127e-163 6.2771e-272 0 3.0724e-225 4.5324e-162 0 2.3597e-261 0 0 4.3323e-254 0 3.3103e-152 0 9.0115e-172 0 0 5.5332e-206 0 2.5583e-174 1.9403e-248 6.0386e-142 5.7228e-144 2.1854e-70 4.842e-305 3.4689e-107 4.4896e-145 6.1951e-183 4.244e-321 0 3.5657e-100 0 2.8525e-95 4.1292e-118 2.5435e-185 1.5796e-180 0 1.8163e-289 1.3291e-311 1.1009e-201 0 2.3972e-160 2.7181e-262 3.6897e-175 1.0417e-165 7.0973e-278 1.8919e-117 3.3281e-276 0 0 1.51e-183 2.2787e-259 2.2461e-305 1.0955e-319 2.8502e-197 1.5114e-310 0 0 4.8723e-173 2.3512e-156 2.0096e-248 0 7.7853e-200 0 6.6739e-227 1.1989e-217 1.7979e-265 0 1.0451e-61 2.5137e-130 1.8027e-158 0 7.5687e-230 0 0 0 1.5321e-181 1.3075e-289 0 0 0 0 9.5516e-68 0 6.3077e-118 2.4956e-309 3.0849e-158 2.1999e-272 0 1.2527e-158 3.2035e-222 0 2.8397e-289 5.6735e-205 6.5281e-170 1.1658e-173 1.9866e-306 1.1989e-217 7.9726e-193 0 0 7.105e-229 0 0 0 2.4588e-145 0 1.3088e-283 8.5546e-228 1.3559e-128 3.1321e-194 0 0 8.2456e-263 2.0581e-294 2.6615e-251 0 2.0997e-263 1.0762e-253 0 0 0 0 5.3107e-224 3.4973e-209 1.0487e-137 0 1.5718e-200 3.4492e-158 1.1868e-195 0 1.7965e-102 5.7593e-320 2.085e-229 9.405e-283 9.8813e-324 8.83e-220 1.4046e-300 0 0 2.8488e-126 6.4919e-260 5.6872e-320 4.8786e-265 0 0 3.3144e-174 0 0 0 4.7797e-176 8.7618e-290 4.6658e-281 0 1.5501e-198 1.167e-142 4.7377e-272 0
9.2718e-227 7.3578e-62 9.017e-199 1.2234e-204 0.0041494 3.3448e-26 0 3.0218e-288 0 0 3.9009e-166 0 3.5864e-58 1.5993e-121 0 4.4227e-279 0 0 2.6022e-177 6.5128e-312 5.9436e-62 0 2.0252e-297 0 0 1.4119e-262 0 0 1.1227e-237 5.6332e-55 0 5.087e-220 2.1244e-135 3.157e-136 1.3268e-189 1.1008e-281 5.2719e-262 1.5971e-181 0 0 0 1.8425e-302 6.039e-130 5.886e-148 0 0 7.0706e-50 0 0 4.1738e-235 4.6314e-147 0 8.3527e-277 5.1973e-224 1.4081e-321 2.9921e-129 1.8422e-318 9.1095e-29 1.6599e-208 0 0 7.0071e-37 8.8463e-175 0 3.4116e-127 0 0 9.3291e-73 6.6023e-257 2.2577e-173 3.5753e-199 1.5586e-93 3.6955e-91 2.9335e-100 2.0766e-135 1.554e-136 2.8491e-262 0 8.1748e-216 0 0 7.0137e-264 1.201e-61 1.6405e-25 3.8163e-190 3.7396e-55 0 2.0914e-93 9.1626e-182 0 7.3741e-232 0 0 7.321e-120 0 1.5553e-192 6.98e-312 0 6.0049e-232 0 2.7203e-294 4.4115e-60 5.0642e-224 1.3707e-287 6.051e-47 1.9365e-35 2.3195e-171 0 5.9225e-181 6.4478e-162 0 4.6065e-50 0 2.7543e-183 0 2.8903e-155 1.0071e-99 0 9.5516e-29 3.2203e-169 1.3305e-222 0 5.5395e-171 0 2.1954e-229 0 4.3821e-20 1.2801e-74 5.9048e-100 5.1669e-190 0 0 2.2814e-186 3.2756e-164 0 2.6011e-104 7.6158e-271 1.8888e-106 7.2763e-219 0 0 1.3421e-171 1.0345e-91 1.0021e-227 0 1.4474e-67 0 1.1949e-139 9.1927e-141 6.0191e-190 0 8.8231e-85 6.9067e-75 3.3097e-151 0 6.2571e-284 0 0 2.1751e-244 7.2726e-239 3.2307e-256 0 2.2273e-44 0 3.5704e-292 7.6333e-175 0 5.8831e-247 2.9715e-76 3.6058e-137 4.7092e-158 5.6479e-295 1.4968e-109 1.2494e-64 0 6.3119e-119 1.5539e-87 6.608e-50 3.4362e-171 3.675e-117 9.1927e-141 7.097e-81 0 0 1.1912e-297 3.0808e-164 1.3032e-125 0 1.4428e-145 0 1.9862e-73 1.9973e-135 8.4491e-190 4.1452e-139 4.0109e-69 0 4.7066e-48 2.1155e-114 1.6882e-17 0 3.0765e-51 1.6625e-239 0 7.2263e-203 0 1.2166e-229 3.4615e-127 2.7569e-85 1.6958e-124 8.9769e-58 5.107e-196 4.58e-117 2.5361e-94 0 9.2504e-52 9.7553e-295 5.162e-105 1.4579e-154 1.1023e-173 1.1056e-96 0 0 0 1.6436e-68 1.6435e-124 0 2.1421e-177 0 0 6.5196e-96 0 4.0505e-251 1.0495e-169 0 6.8567e-77 1.4039e-21 0 2.5628e-217 0 6.7939e-16 2.3141e-237
1.8509e-187 3.4392e-89 2.0213e-214 1.1525e-174 3.3448e-26 0.0041494 0 3.098e-282 3.9376e-317 0 1.52e-252 0 5.0541e-125 1.5028e-159 5.9023e-315 0 0 0 4.223e-231 1.8528e-305 1.0153e-89 0 3.4702e-280 0 0 0 0 0 2.0788e-284 1.7028e-61 0 6.727e-290 2.1595e-197 3.695e-203 4.9443e-189 0 4.0416e-211 2.0365e-173 0 0 0 2.3587e-311 3.4331e-101 4.069e-131 0 0 1.6888e-31 0 0 2.1379e-286 2.9799e-201 0 8.2997e-260 1.1178e-286 3.072e-232 6.297e-207 4.9987e-257 1.4553e-55 4.693e-264 0 0 4.9831e-35 6.0977e-219 0 7.9081e-157 0 0 1.9503e-119 0 9.7508e-265 1.591e-191 1.6694e-66 7.3459e-80 2.4489e-119 4.0099e-219 2.4917e-206 2.1479e-296 0 4.2011e-289 0 0 5.5913e-220 4.9138e-123 1.0183e-60 3.5693e-224 6.9609e-116 0 2.7544e-143 2.3309e-229 0 9.8813e-324 0 0 3.2124e-150 0 2.9521e-251 0 0 0 0 9.9134e-258 4.965e-90 5.1019e-292 3.7728e-283 1.1954e-24 4.3946e-76 2.3344e-206 1.9148e-315 2.8009e-223 4.3281e-211 0 8.4189e-95 0 2.738e-211 0 9.8832e-177 4.0334e-83 0 2.3304e-48 4.768e-265 1.0245e-315 0 7.9306e-232 0 1.5643e-297 7.8213e-318 3.303e-58 4.6322e-128 1.9318e-171 2.1534e-177 0 0 4.7778e-145 4.2784e-187 0 1.1848e-180 0 5.8302e-105 2.0737e-273 0 0 2.3944e-215 4.9632e-117 4.7977e-306 0 3.1502e-132 0 6.1438e-179 1.6428e-191 9.46e-215 0 5.7412e-100 5.7408e-107 8.4765e-215 0 1.5432e-263 0 0 1.1378e-317 4.6518e-244 2.1502e-283 0 8.8446e-48 0 4.632e-298 3.346e-167 0 2.7903e-268 2.9519e-126 3.8982e-180 3.9818e-173 1.4045e-296 2.1049e-171 4.4057e-65 0 4.5612e-124 7.6948e-115 8.8751e-63 7.945e-208 7.6248e-159 1.6428e-191 1.4046e-128 0 0 0 7.5493e-238 8.5524e-175 0 1.1716e-147 0 1.2018e-105 2.8234e-205 7.7537e-239 3.6201e-147 5.1423e-80 0 1.8232e-99 1.3264e-188 1.1643e-54 0 1.1483e-99 3.3161e-288 2.8406e-286 4.5944e-303 0 1.5156e-305 5.5128e-200 1.6881e-153 5.6928e-181 3.7779e-106 7.7387e-277 1.7989e-174 1.3728e-134 0 9.5402e-77 0 1.1752e-166 9.6666e-184 4.5926e-254 2.0022e-109 0 0 0 5.9032e-78 2.8158e-175 0 1.0457e-194 0 0 5.5779e-118 0 0 1.1668e-246 1.1265e-298 7.7758e-144 3.1988e-36 0 4.8478e-262 0 3.8577e-34 1.2766e-288
4.5464e-212 0 0 4.1453e-203 0 0 0.0041494 2.6329e-248 7.0662e-207 0 0 0 0 0 1.1153e-273 0 0 1.1752e-180 0 0 0 0 0 0 0 0 0 0 0 0 0 0 0 0 2.3949e-295 0 0 1.1895e-220 0 0 0 0 4.3774e-279 0 0 0 0 0 0 0 0 0 0 0 6.1973e-198 0 0 0 0 0 0 0 0 7.7195e-305 0 2.7215e-222 0 0 0 0 0 8.1277e-265 0 0 0 0 0 0 0 1.1969e-238 7.7858e-253 1.6398e-315 0 0 0 0 5.5604e-149 0 0 0 0 0 2.8479e-294 0 0 0 0 4.3287e-225 0 0 9.8702e-160 0 0 0 0 0 0 1.9636e-141 0 0 0 0 3.8127e-247 0 0 0 5.4138e-315 0 0 0 0 0 0 1.326e-54 0 2.9294e-239 0 0 0 7.3273e-227 4.7167e-177 0 0 0 0 0 0 0 0 0 0 0 0 0 0 0 0 0 0 0 0 8.7616e-299 0 0 0 0 0 0 0 1.2847e-250 0 9.4608e-170 0 0 0 1.0632e-216 0 1.0722e-310 0 0 0 1.8752e-230 0 0 0 0 0 3.9875e-288 0 0 0 0 1.2134e-309 0 0 0 0 4.6889e-194 0 0 0 0 0 1.5126e-264 0 0 0 0 0 0 0 0 0 0 0 0 0 0 0 0 0 0 0 0 0 0 0 0 0 0 0 0 0 0 0 9.9113e-280 0 8.1881e-228 2.2408e-314 0 0 0 0 1.5797e-259 0 0 0 0 1.6598e-226 0 0
0 1.8609e-136 0 8.5186e-194 3.0218e-288 3.098e-282 2.6329e-248 0.0041494 4.2888e-150 1.5032e-190 3.2251e-292 0 0 6.0825e-144 1.2411e-114 2.0827e-153 0 0 3.8449e-180 2.3183e-197 1.0952e-185 0 1.0442e-312 2.9379e-89 0 1.1277e-203 0 8.8391e-195 3.0341e-186 1.925e-222 0 1.6658e-157 0 0 1.4354e-74 1.3035e-254 0 2.7754e-95 0 9.3807e-127 0 7.6032e-82 1.124e-99 5.0426e-212 0 6.9943e-237 1.3533e-157 1.5662e-321 0 0 1.8068e-135 0 7.4044e-135 6.5649e-152 2.5841e-97 0 8.6477e-258 0 1.3413e-272 1.1255e-264 0 7.5706e-241 8.2275e-207 0 1.8944e-154 0 0 5.0861e-182 0 0 0 1.2353e-271 0 0 0 4.9161e-191 0 1.2144e-137 2.4777e-314 1.7273e-174 1.3402e-188 6.4121e-140 0 3.5788e-296 1.1378e-34 0 0 2.276e-151 1.0388e-288 0 0 0 0 8.2121e-200 0 5.5785e-247 0 4.4935e-133 3.8598e-264 6.4488e-187 3.2144e-81 0 3.4093e-204 1.7872e-85 1.836e-184 1.0592e-186 3.0645e-229 1.0361e-109 1.5401e-181 2.0635e-298 1.0896e-299 7.7578e-300 0 8.2419e-180 0 0 2.1028e-122 6.1605e-92 5.1638e-301 2.0257e-322 1.3149e-215 1.3948e-57 5.1306e-305 0 2.4508e-254 1.0996e-301 1.9129e-253 6.8564e-279 0 4.2863e-80 1.0914e-287 0 0 5.6705e-285 0 3.1791e-265 4.1663e-294 2.1843e-114 1.855e-117 1.9262e-170 4.1343e-288 8.7031e-107 1.8512e-98 0 3.2472e-316 1.0994e-246 0 1.3761e-138 1.823e-165 5.0367e-119 0 1.7953e-163 4.1756e-132 2.7868e-139 0 1.5444e-68 0 0 2.8255e-273 4.1138e-300 4.354e-97 0 0 0 8.1895e-175 2.9937e-85 1.4477e-165 4.5417e-101 3.3296e-319 1.5659e-103 3.2344e-127 1.8737e-225 4.0989e-312 2.8488e-171 0 1.1959e-129 3.4913e-119 1.4124e-202 1.0195e-129 5.7681e-190 1.823e-165 1.2337e-141 0 3.4051e-148 2.6268e-239 8.1502e-235 2.1207e-192 0 2.625e-81 8.2539e-169 1.062e-232 1.6156e-222 2.4058e-129 2.4898e-58 2.1336e-258 0 4.3517e-278 0 2.2348e-279 0 1.3288e-242 1.1672e-136 5.856e-247 0 0 0 1.2421e-236 3.771e-238 3.0044e-140 0 2.9714e-255 3.8857e-181 1.3178e-233 0 5.8363e-157 5.3433e-37 2.6913e-203 5.571e-201 1.5962e-197 1.123e-124 0 0 1.7959e-116 9.4474e-251 6.8308e-198 0 2.8011e-137 0 0 1.4098e-144 0 0 1.3066e-253 1.2174e-88 2.1269e-279 1.6874e-314 1.1526e-260 4.2199e-124 7.9076e-102 3.6187e-309 0
1.9938e-270 6.7295e-295 0 0 0 3.9376e-317 7.0662e-207 4.2888e-150 0.0041494 0 0 0 0 1.2499e-246 1.9733e-52 0 1.0364e-291 0 2.0257e-322 5.0698e-188 0 0 6.0418e-266 0 0 0 0 0 0 1.8277e-247 0 0 0 0 3.8442e-106 0 0 3.0541e-96 0 0 0 0 1.0146e-166 2.288e-158 0 0 4.6207e-200 0 0 5.5032e-310 2.401e-265 0 4.8994e-215 1.2648e-279 8.9539e-170 0 2.1396e-228 0 0 0 0 2.73e-241 1.477e-282 0 0 0 0 4.8389e-284 0 0 0 1.0359e-244 0 2.1396e-219 0 0 0 0 0 1.35e-229 9.4587e-158 1.7124e-170 0 0 2.1701e-198 0 1.9503e-291 7.0647e-296 0 0 0 0 0 4.8401e-295 0 0 2.5693e-317 7.5834e-217 0 9.2186e-299 8.4112e-157 0 0 0 1.1034e-300 0 0 5.6943e-103 0 0 0 2.9185e-302 0 1.2351e-271 0 0 3.2783e-218 0 0 0 0 5.6199e-262 0 2.5311e-200 0 1.588e-259 0 0 0 1.3362e-135 5.7299e-286 0 0 1.1609e-287 0 0 0 1.0014e-169 0 0 6.374e-279 1.108e-239 2.1987e-177 0 0 0 0 0 4.8827e-215 6.4179e-266 0 6.3647e-266 2.1045e-306 6.8397e-313 0 1.3363e-266 0 0 1.7551e-230 1.5138e-246 8.7944e-322 2.2765e-245 0 0 0 6.3443e-245 0 6.8402e-281 0 1.009e-233 2.0204e-284 9.3117e-85 0 1.2549e-230 6.2514e-250 5.6156e-267 2.5871e-289 4.3287e-171 1.2972e-279 1.2759e-239 4.8827e-215 0 1.5069e-271 0 4.5443e-246 6.3445e-317 3.4133e-206 1.2054e-94 1.3073e-305 2.2012e-253 0 0 4.4699e-309 2.5937e-80 1.7644e-294 0 0 0 0 0 0 0 2.0425e-185 0 0 0 0 0 9.1586e-280 0 0 0 6.2084e-281 0 1.0881e-250 2.7777e-211 0 2.8259e-136 0 1.5014e-271 0 0 1.0943e-202 2.7003e-318 5.7827e-251 1.5088e-243 2.6185e-319 1.678e-202 1.8115e-96 5.2286e-196 0 0 0 1.4738e-320 0 0 0 0 1.9613e-250 0 0
0 0 0 0 0 0 0 1.5032e-190 0 0.0041494 0 0 0 1.8524e-308 0 0 0 0 1.2297e-168 5.0722e-189 0 0 9.6754e-295 3.1705e-140 0 3.1818e-226 5.2759e-294 6.9123e-251 0 0 1.137e-237 2.1669e-179 0 0 1.9195e-158 0 0 3.7558e-198 0 0 0 0 0 3.5037e-310 0 0 0 0 0 0 8.5348e-223 0 0 1.379e-258 0 0 0 0 0 0 1.8964e-237 0 5.1596e-223 0 0 0 0 0 0 0 0 0 0 0 0 1.6214e-239 0 0 1.7776e-204 0 1.2009e-149 1.6926e-255 0 0 1.4182e-165 0 0 3.631e-233 0 0 0 0 0 1.4731e-302 0 0 2.3955e-278 0 2.7468e-218 0 0 0 0 0 0 0 0 9.0798e-294 0 0 0 0 0 0 0 0 0 0 0 1.5404e-298 7.4053e-211 0 0 0 0 0 0 0 0 1.4736e-276 0 0 0 0 0 1.2873e-317 0 1.0809e-272 2.1808e-283 0 2.3098e-212 0 0 0 0 0 0 0 1.2161e-191 7.7872e-136 0 0 0 0 0 0 0 0 3.2799e-207 0 0 0 0 0 0 0 0 0 0 8.1092e-270 0 1.7304e-271 0 0 0 0 0 0 0 1.0646e-249 1.2161e-191 4.4712e-267 0 0 4.0012e-300 3.8384e-204 2.0185e-212 0 0 3.4588e-95 0 0 0 1.1948e-246 0 0 0 0 0 0 0 0 0 0 0 0 0 0 2.9125e-241 0 0 0 0 0 0 2.1856e-173 0 7.0305e-274 7.7496e-310 0 0 0 1.1268e-304 0 6.2136e-208 0 0 0 0 0 0 0 0 0 0 0 0 0 0 0 0
0 1.0929e-117 0 4.1374e-295 3.9009e-166 1.52e-252 0 3.2251e-292 0 0 0.0041494 0 3.2841e-51 4.0915e-63 0 1.7389e-125 0 0 6.9367e-127 7.0856e-316 4.9891e-82 0 0 0 0 6.1571e-43 0 2.1381e-146 7.4287e-135 9.0677e-243 1.4975e-278 9.3189e-64 6.9807e-174 3.5714e-52 1.0697e-260 6.9363e-93 0 2.2851e-281 0 2.5416e-158 3.9719e-117 8.002e-213 0 0 2.3441e-91 4.8593e-300 4.8993e-246 1.6678e-312 0 4.455e-230 8.5622e-78 0 1.6587e-216 1.0656e-90 0 9.6719e-113 0 1.4918e-145 6.4955e-138 4.0205e-179 1.0918e-132 3.851e-223 2.2435e-141 0 1.0404e-94 0 0 5.0588e-53 2.1165e-52 1.5329e-53 1.5453e-166 2.8506e-285 0 3.7081e-317 5.4864e-94 2.7489e-41 2.5366e-130 0 2.3924e-217 0 0 0 6.4717e-58 1.022e-103 3.0477e-150 1.7077e-50 0 8.124e-67 8.3787e-147 1.0618e-241 4.2444e-106 0 0 1.07e-75 6.9478e-119 1.6839e-51 5.3047e-247 0 1.6744e-79 0 0 1.5774e-241 1.172e-81 2.3118e-314 1.0875e-196 3.2925e-92 1.8797e-147 0 1.7573e-108 9.2078e-129 0 1.1974e-151 0 9.2342e-154 0 9.2307e-241 1.8272e-205 2.7567e-259 6.9064e-116 8.2349e-53 8.3958e-52 0 2.3054e-44 0 5.4326e-71 0 3.4594e-95 9.2897e-61 1.9445e-58 1.2401e-207 0 0 0 4.1436e-167 1.9169e-198 6.1295e-43 2.3181e-41 1.1923e-152 1.6577e-109 0 5.5161e-236 4.6041e-104 6.0311e-128 2.9175e-193 1.4774e-102 4.7684e-59 0 4.2981e-86 4.1658e-164 1.2727e-216 0 1.2249e-132 1.8704e-103 7.3232e-71 0 2.1492e-279 0 3.9507e-137 1.5557e-252 0 6.0117e-228 0 4.2822e-302 0 9.7891e-306 3.6682e-267 0 5.3517e-233 5.874e-123 2.3194e-74 2.2807e-110 0 1.415e-49 1.2592e-184 0 1.0644e-188 7.3839e-118 8.3574e-240 8.7068e-102 4.1998e-108 4.1658e-164 1.9946e-72 0 0 4.0982e-256 5.4714e-119 3.7231e-165 0 2.9231e-187 0 7.7352e-98 1.6432e-57 8.4329e-93 1.4676e-220 9.8931e-221 0 7.47e-65 2.5397e-73 1.2835e-121 0 6.5203e-82 6.2882e-124 0 1.3864e-93 0 1.2496e-301 2.8033e-31 6.8598e-39 3.9091e-99 3.4154e-204 1.0565e-39 2.9928e-50 1.2305e-95 0 4.7645e-143 3.8788e-242 5.3392e-50 2.7684e-214 1.944e-42 1.9918e-187 4.3537e-273 0 0 2.4187e-126 2.5045e-142 0 2.1072e-127 0 0 3.3869e-114 0 1.2508e-58 1.8149e-47 0 1.1599e-87 5.9486e-183 9.6637e-122 3.5683e-107 0 9.2696e-219 5.8886e-186
0 0 0 0 0 0 0 0 0 0 0 0.0041494 0 0 0 0 0 0 0 0 0 0 0 0 0 0 0 0 0 0 0 0 0 0 0 0 0 0 0 0 0 0 0 0 0 0 0 0 0 0 0 0 0 0 0 0 0 0 0 0 0 0 0 0 0 0 0 0 0 0 0 0 0 0 0 0 0 0 0 0 0 0 0 0 0 0 0 0 0 0 0 0 0 0 0 0 0 0 0 0 0 0 0 0 0 0 0 0 0 0 0 0 0 0 0 0 0 0 0 0 0 0 0 0 0 0 0 0 0 0 0 0 0 0 0 0 0 0 0 0 0 0 0 0 0 0 0 0 0 0 0 0 0 0 6.234e-230 0 0 0 0 0 0 0 0 0 0 0 0 0 0 0 0 0 0 0 0 0 0 0 0 0 0 0 0 0 0 0 0 0 0 0 0 0 0 0 0 0 0 0 0 0 0 0 0 0 0 0 0 0 0 0 0 0 0 0 0 0 0 0 0 0 0 0 0 0 0 0 0 5.0182e-320 0 0 0 0 0 0 0 0 0 0 0 0 0
0 5.3792e-77 6.8969e-266 1.5135e-282 3.5864e-58 5.0541e-125 0 0 0 0 3.2841e-51 0 0.0041494 2.7793e-93 0 8.7076e-189 0 0 3.6388e-179 0 2.4673e-58 0 0 0 0 1.0566e-147 0 1.052e-306 1.1072e-193 2.7037e-158 0 5.1569e-158 3.4836e-163 4.4077e-64 3.4234e-273 1.6113e-201 0 3.2925e-286 0 1.5091e-248 5.1211e-257 9.9066e-282 1.4298e-252 5.4552e-278 2.6649e-196 0 1.7977e-154 0 0 6.8548e-260 7.2308e-111 0 1.6761e-270 8.9803e-176 0 4.3418e-97 0 6.3945e-49 1.0614e-171 7.7249e-305 1.0147e-284 6.6512e-116 3.4901e-187 0 1.7439e-88 0 0 6.1427e-51 3.1863e-129 1.5986e-40 6.248e-170 1.4028e-198 7.3682e-206 5.2614e-223 2.3625e-75 6.2863e-79 4.5502e-174 0 1.1935e-236 0 0 0 5.2682e-21 6.3822e-35 1.2838e-204 0.00071653 0 8.115e-81 5.2687e-173 0 2.4499e-167 0 0 5.8936e-96 2.8496e-209 1.175e-105 1.4701e-317 0 1.4196e-161 0 0 8.9338e-85 4.2276e-143 2.0326e-320 3.4045e-114 5.8132e-54 5.0051e-163 0 8.1087e-139 5.4639e-144 0 5.7369e-85 0 4.0574e-186 0 5.2105e-196 3.5368e-155 0 7.1799e-42 2.2157e-96 9.0667e-143 0 3.2237e-79 0 1.7052e-137 0 1.0742e-38 2.4335e-48 8.4991e-41 3.3921e-243 0 0 0 3.3341e-166 1.6829e-289 5.2366e-55 2.5072e-122 4.8642e-148 1.3782e-157 0 0 2.3989e-145 2.0913e-115 4.4511e-212 1.2499e-228 3.5584e-31 0 2.0327e-94 8.3066e-183 3.2679e-240 0 2.2869e-120 5.4195e-79 9.7085e-112 0 2.4831e-302 0 3.5325e-249 5.3441e-286 0 1.328e-244 0 1.3375e-148 0 4.9541e-289 3.0505e-248 0 3.6576e-263 7.2529e-58 2.6704e-116 1.2915e-127 0 1.2603e-49 1.8608e-109 0 5.0398e-149 6.9056e-91 1.3522e-156 1.2842e-134 8.8504e-116 8.3066e-183 1.8129e-73 0 0 0 8.4751e-141 1.6364e-158 0 5.7785e-173 0 7.6211e-50 1.017e-80 2.061e-152 6.1356e-213 3.4838e-113 0 1.5192e-17 6.6361e-46 5.6909e-31 0 2.8619e-28 7.6866e-174 0 6.0971e-111 0 1.1152e-204 3.7261e-47 1.302e-47 5.242e-130 1.5551e-67 1.5236e-105 1.6908e-64 1.419e-97 0 4.0051e-95 6.8377e-303 1.7633e-47 1.4406e-212 1.8916e-91 1.4064e-132 0 0 0 2.018e-82 1.5033e-152 0 2.8771e-138 0 0 1.2519e-104 0 1.28e-122 1.0799e-68 0 2.6915e-45 3.0514e-64 1.3727e-204 6.6399e-158 0 1.6661e-84 1.4489e-199
0 1.0271e-72 0 4.3843e-195 1.5993e-121 1.5028e-159 0 6.0825e-144 1.2499e-246 1.8524e-308 4.0915e-63 0 2.7793e-93 0.0041494 9.0793e-291 2.0137e-118 0 0 9.4548e-93 2.7426e-155 2.6394e-48 0 1.2987e-289 0 0 5.7788e-76 0 1.0664e-144 7.706e-121 3.3649e-150 1.8488e-240 4.7766e-44 3.9518e-138 3.6225e-81 6.3937e-110 1.9989e-75 0 4.0412e-115 0 3.515e-134 5.6101e-161 2.6853e-140 3.0255e-179 2.5341e-176 3.4918e-129 4.6967e-182 2.2144e-127 3.294e-216 0 5.5097e-138 2.1361e-36 0 3.8663e-73 6.1046e-35 3.1146e-278 1.885e-121 7.1411e-313 4.6116e-97 2.4301e-131 1.2947e-150 3.7061e-165 1.8505e-122 1.904e-77 0 6.8287e-70 0 0 9.6548e-18 1.5554e-93 6.3162e-154 6.2656e-95 6.4139e-141 0 6.6755e-181 5.8423e-131 8.7342e-50 9.9905e-90 4.6787e-254 5.2775e-165 1.3696e-206 0 1.7188e-256 1.6609e-94 1.4606e-73 4.3435e-67 3.4261e-85 0 7.4492e-42 9.018e-81 0 4.6206e-104 0 0 3.3741e-28 3.9238e-189 1.036e-78 1.9238e-147 2.351e-187 1.3613e-72 3.5287e-202 5.1472e-290 1.9449e-257 5.3479e-86 5.2128e-237 4.9381e-118 2.9095e-73 7.5866e-106 0 1.6753e-127 2.638e-82 5.8934e-292 3.4118e-99 0 3.7492e-64 0 8.8508e-186 4.2466e-90 1.1303e-170 3.3848e-77 7.8925e-87 2.9635e-61 3.2553e-281 8.2681e-63 0 2.3988e-100 1.0539e-313 2.2778e-70 2.2779e-89 4.6765e-85 1.0039e-58 0 0 0 4.45e-67 6.0867e-208 1.6946e-49 8.639e-92 9.0714e-43 1.182e-98 0 1.863e-138 1.426e-32 3.4888e-33 5.7706e-180 3.8339e-157 2.7139e-59 0 2.3743e-73 8.6208e-84 1.4337e-146 0 9.5033e-58 8.3701e-65 2.2094e-41 0 3.4497e-160 1.554e-311 1.1014e-191 3.123e-149 4.38e-251 4.9988e-161 0 4.1131e-201 0 7.8962e-242 4.9551e-153 0 1.0893e-136 4.046e-78 1.3211e-12 5.0793e-51 3.8505e-238 1.3585e-93 5.8796e-87 0 1.7265e-115 4.0844e-73 2.1493e-113 7.2782e-39 3.1152e-43 8.6208e-84 1.6809e-60 0 0 1.1731e-137 5.584e-91 4.8807e-83 0 8.2453e-125 3.2419e-263 2.8307e-63 2.3851e-28 9.0448e-47 5.4075e-70 3.4264e-139 0 6.2481e-54 6.7517e-85 7.0839e-101 0 1.0596e-67 9.7179e-85 0 3.2424e-110 0 4.2353e-311 7.3767e-55 1.995e-34 1.3822e-57 9.8077e-213 1.6344e-60 2.1218e-55 8.4632e-38 0 3.8917e-70 1.7129e-140 8.6253e-49 3.5265e-76 1.4024e-31 7.6743e-117 3.2873e-270 0 8.9337e-287 4.8979e-58 1.0775e-79 8.1334e-313 1.0072e-72 0 0 5.2131e-19 0 6.1657e-97 3.2422e-68 1.9299e-306 1.11e-61 2.9321e-151 3.8398e-154 1.7052e-75 1.3228e-204 1.2105e-154 8.7829e-172
0 1.5858e-263 0 0 0 5.9023e-315 1.1153e-273 1.2411e-114 1.9733e-52 0 0 0 0 9.0793e-291 0.0041494 0 0 0 0 9.8787e-267 0 0 2.0522e-245 5.9986e-228 0 0 0 0 0 9.3956e-245 0 0 0 0 1.2434e-105 0 0 1.6517e-135 0 0 0 1.2992e-318 1.7717e-95 1.5941e-175 0 0 2.3172e-169 0 0 0 3.2832e-251 0 8.5191e-259 0 3.6399e-97 0 3.2626e-155 0 0 0 0 5.4129e-223 0 0 2.1049e-292 0 0 2.9856e-307 0 0 0 0 0 1.9756e-317 0 0 0 1.4358e-290 0 9.3234e-299 1.7822e-182 9.5505e-109 0 0 6.1811e-195 0 0 6.3794e-298 0 0 0 0 0 0 0 0 0 0 0 2.838e-267 1.5425e-100 0 0 7.1524e-227 5.5523e-262 0 0 6.1118e-70 0 0 0 0 0 0 0 0 3.6934e-205 0 0 0 0 2.1734e-132 0 8.6732e-307 0 0 0 0 0 6.1943e-196 0 0 0 0 0 0 0 8.4049e-182 2.754e-293 3.0201e-220 0 4.0196e-274 1.6334e-194 0 0 0 0 7.031e-311 4.7194e-284 6.7079e-233 8.1317e-286 0 9.1437e-289 0 0 8.4241e-184 0 0 0 0 4.1067e-226 0 0 0 3.588e-236 5.5928e-232 1.1406e-306 4.1446e-294 0 2.0982e-273 2.7649e-238 8.5679e-192 0 8.9804e-201 0 1.4273e-176 2.4822e-232 6.2773e-226 2.5967e-304 1.547e-267 4.7194e-284 2.0449e-305 0 2.1329e-268 0 0 3.95e-234 5.3087e-237 5.1978e-228 6.0969e-180 5.891e-318 0 0 8.7603e-93 1.485e-242 0 0 0 0 0 0 0 7.9127e-94 0 6.6922e-192 0 0 0 0 0 0 0 0 0 6.8306e-279 5.9648e-141 0 2.6083e-231 0 4.7232e-196 0 0 3.9249e-77 0 5.3286e-306 0 6.3326e-264 1.5664e-281 5.6958e-222 9.8759e-241 0 0 0 2.3059e-221 0 0 0 0 1.8028e-300 4.1862e-320 0
0 5.8081e-97 0 3.2745e-315 4.4227e-279 0 0 2.0827e-153 0 0 1.7389e-125 0 8.7076e-189 2.0137e-118 0 0.0041494 0 0 3.4189e-274 0 5.983e-139 0 0 5.1514e-233 0 6.688e-97 0 7.2606e-146 1.4189e-139 0 0 1.6293e-153 0 5.4279e-197 3.6951e-260 1.2348e-228 0 1.9901e-318 0 6.0218e-32 2.7503e-289 7.1567e-70 3.2781e-230 0 2.5691e-297 2.9865e-236 2.8282e-253 0 0 0 8.515e-101 0 7.5265e-151 3.2081e-149 1.765e-313 0 0 9.6324e-271 4.4978e-224 3.8162e-150 0 3.9729e-275 1.9355e-315 0 1.8414e-43 0 0 5.7347e-142 1.4119e-253 4.5525e-203 2.3804e-288 0 0 0 0 5.7399e-133 2.5062e-186 6.5635e-113 0 3.7615e-274 0 0 1.4296e-217 3.1055e-250 1.0173e-111 6.3974e-174 0 2.541e-155 4.8008e-309 0 2.9644e-322 0 0 1.9077e-191 0 9.7956e-124 0 5.452e-297 1.9461e-245 6.6637e-265 4.1334e-294 0 3.0028e-86 3.3683e-106 2.5985e-212 8.7262e-185 2.722e-213 0 3.2305e-110 4.7918e-283 0 1.1085e-319 0 2.7028e-207 0 0 1.8731e-139 1.0052e-79 2.2194e-244 3.0156e-263 3.7885e-178 4.4541e-169 5.3571e-155 0 2.6659e-131 0 1.1693e-238 4.9983e-231 1.2305e-283 2.647e-218 0 0 0 3.7215e-283 0 2.5918e-204 5.0915e-71 1.1574e-195 5.6442e-24 0 0 2.6568e-75 4.4703e-110 0 4.9444e-105 1.7271e-131 0 1.4914e-29 1.1556e-294 4.4368e-265 0 1.9849e-217 7.0802e-89 9.6203e-91 0 3.0447e-75 0 1.5303e-217 0 0 1.2674e-39 0 0 0 5.612e-101 3.0636e-169 2.0172e-235 3.3189e-119 7.2265e-196 5.6189e-100 3.7076e-67 0 3.7766e-197 1.4488e-148 0 2.0014e-126 2.4506e-71 4.5454e-322 2.3424e-62 1.1532e-214 1.1556e-294 3.0273e-133 0 3.1272e-214 0 1.252e-240 8.2091e-274 0 6.1495e-85 9.8813e-324 1.6809e-114 3.7372e-131 1.8205e-103 2.7223e-181 4.2148e-203 0 1.1482e-161 7.3778e-229 7.9517e-199 0 2.9316e-123 8.3245e-19 0 3.3694e-186 0 0 2.2316e-80 5.741e-187 4.6502e-195 0 1.0237e-148 4.813e-74 4.1273e-263 0 3.6383e-172 4.9181e-91 7.6908e-66 0 2.5971e-83 3.0398e-101 0 0 3.2845e-213 5.5104e-220 2.8381e-296 0 1.2745e-35 0 0 2.5617e-135 0 4.698e-226 9.7487e-55 2.4458e-219 2.5492e-157 4.9352e-265 1.8603e-23 2.472e-24 1.558e-223 4.3718e-287 0
0 0 0 0 0 0 0 0 1.0364e-291 0 0 0 0 0 0 0 0.0041494 0 0 0 0 0 0 0 0 0 0 0 0 0 0 0 0 0 0 0 0 0 2.6591e-289 0 0 0 0 0 0 0 0 0 0 0 0 0 0 0 0 0 0 0 0 0 0 0 0 0 0 0 0 0 0 0 0 0 0 0 0 0 0 0 0 0 8.9695e-286 0 0 0 0 0 2.38e-307 0 0 0 0 0 0 0 0 0 0 0 0 0 0 0 0 0 0 0 0 3.8431e-307 0 0 0 0 0 0 0 0 0 0 0 0 0 0 0 4.9703e-243 0 3.6213e-205 0 0 0 0 9.2358e-122 0 0 0 0 0 0 0 0 0 0 0 0 0 0 0 0 0 0 0 0 0 0 0 0 0 0 0 0 0 0 0 0 0 0 0 0 0 0 0 0 0 0 0 0 0 0 0 0 0 0 0 0 0 0 0 0 2.4814e-144 0 0 0 0 0 0 0 3.897e-319 0 0 0 0 0 0 0 0 0 0 0 0 0 0 0 0 0 0 0 0 0 0 0 0 0 0 0 0 0 7.9043e-298 0 7.1683e-56 0 0 0 0 0 0 0 0 0 0 0 0 0
0 0 0 0 0 0 1.1752e-180 0 0 0 0 0 0 0 0 0 0 0.0041494 0 0 0 0 0 0 0 0 0 0 0 0 0 0 0 0 0 0 0 0 0 0 0 0 0 0 0 0 0 0 0 0 0 0 0 0 0 0 0 0 0 0 0 0 0 1.3443e-299 0 0 0 0 0 0 0 0 0 0 0 0 0 0 0 0 0 0 0 0 0 0 6.2882e-128 0 0 0 0 0 0 0 0 0 0 0 0 0 0 0 0 0 0 0 0 0 0 0 0 0 3.0805e-311 0 0 0 0 0 0 0 0 0 0 1.3121e-124 0 0 0 0 0 0 0 0 0 0 0 0 0 0 0 0 0 0 0 0 0 0 1.6036e-223 0 0 0 0 0 0 0 0 0 0 0 0 0 0 9.7125e-141 0 0 0 0 0 0 0 0 0 0 0 0 7.1248e-266 0 0 0 0 0 0 0 1.2105e-134 0 0 0 0 5.553e-173 0 0 0 0 0 0 0 0 0 0 0 0 0 0 0 0 0 0 0 0 0 0 0 0 0 0 0 0 0 0 0 0 0 0 0 0 0 0 0 6.2748e-307 0 0 0 0 0 0 0 0 0 0 0 0 0
2.668e-322 2.6461e-168 1.1904e-272 1.0671e-224 2.6022e-177 4.223e-231 0 3.8449e-180 2.0257e-322 1.2297e-168 6.9367e-127 0 3.6388e-179 9.4548e-93 0 3.4189e-274 0 0 0.0041494 2.3916e-98 2.4137e-140 0 2.2371e-207 0 0 6.1182e-106 0 4.9436e-179 1.2047e-195 5.8256e-113 1.1132e-188 2.3804e-42 1.1559e-49 2.0435e-170 5.7723e-92 2.9988e-108 0 1.8916e-85 0 2.8754e-267 5.2994e-185 1.3684e-261 6.167e-240 1.8673e-135 2.1996e-183 0 1.0724e-177 0 0 1.6044e-92 4.4596e-94 0 3.6617e-255 1.3228e-95 0 7.9138e-116 4.0858e-309 1.4557e-224 1.4012e-197 6.8165e-316 3.6367e-109 3.0433e-204 1.2816e-18 0 6.4962e-206 0 0 6.9409e-81 2.3246e-150 1.8931e-263 1.101e-210 6.9526e-241 0 4.9712e-166 4.1615e-135 1.3981e-59 1.111e-305 0 3.0775e-58 0 5.5648e-275 7.5058e-203 1.4081e-150 3.3062e-138 4.6532e-82 1.6481e-174 0 1.9674e-38 1.6241e-142 0 1.4177e-121 0 0 9.265e-71 2.2754e-147 2.0509e-166 1.3439e-95 7.2253e-259 3.3059e-57 0 0 0 4.4636e-202 2.7376e-320 8.4427e-192 1.139e-82 1.1978e-188 1.1527e-298 1.6684e-176 1.5808e-158 0 5.3904e-113 0 3.1097e-161 0 2.4412e-238 1.4471e-237 4.9039e-317 1.2765e-180 7.9014e-56 2.5022e-50 0 8.8978e-188 0 5.707e-187 0 5.0199e-100 4.5537e-79 5.9679e-144 7.6631e-111 0 0 0 1.6567e-204 0 6.1999e-65 5.1506e-242 3.4528e-85 1.3917e-187 0 1.441e-128 4.0675e-156 1.0352e-141 3.5838e-152 4.5319e-297 1.2107e-167 0 2.3624e-192 1.1415e-24 3.4631e-50 0 6.384e-101 9.9034e-158 1.123e-121 0 3.5425e-321 1.5579e-219 0 1.9635e-79 0 2.2408e-307 0 1.7046e-268 0 0 3.547e-234 0 2.2634e-262 8.738e-255 2.5329e-85 2.7768e-175 7.4735e-181 1.6215e-143 1.5598e-237 0 1.5236e-196 1.2085e-170 9.3936e-149 4.3469e-193 4.4203e-67 1.1415e-24 5.737e-58 0 0 1.5326e-128 3.8315e-70 7.8297e-66 0 3.3453e-204 7.9843e-194 1.0447e-217 1.3595e-148 4.6539e-132 1.9308e-131 1.6558e-292 0 1.2158e-170 6.8642e-230 5.9393e-196 3.5914e-318 2.153e-194 3.2103e-257 0 1.1292e-194 0 0 6.5119e-173 2.9755e-68 1.2785e-35 4.9795e-303 4.3117e-129 2.1835e-152 2.3453e-61 0 1.0733e-151 6.3084e-200 4.9805e-181 1.9779e-95 3.375e-136 4.0242e-229 0 0 0 3.1708e-184 2.3173e-22 0 1.0844e-244 0 0 9.1388e-150 0 5.2143e-210 1.8028e-229 0 1.8063e-207 2.5177e-227 0 1.3388e-220 2.071e-318 2.1304e-251 1.2488e-141
3.7504e-293 2.6594e-314 3.9496e-301 1.4822e-323 6.5128e-312 1.8528e-305 0 2.3183e-197 5.0698e-188 5.0722e-189 7.0856e-316 0 0 2.7426e-155 9.8787e-267 0 0 0 2.3916e-98 0.0041494 4.6965e-280 0 1.5356e-118 0 0 1.0581e-269 1.4568e-226 0 0 4.0149e-177 1.1188e-225 5.33e-142 5.1877e-144 0 2.1541e-66 9.7408e-213 1.131e-212 2.0017e-51 0 0 0 0 1.8123e-276 2.1855e-91 1.9857e-319 2.1612e-302 4.137e-226 0 0 8.2634e-99 1.6837e-172 0 5.276e-215 9.3305e-178 2.4831e-300 7.7977e-246 2.1731e-184 0 0 0 1.345e-241 2.1765e-250 5.5398e-72 4.7998e-280 0 0 0 1.5753e-173 4.4668e-301 0 6.5825e-178 7.0589e-265 0 2.0374e-183 4.7169e-271 2.4979e-190 0 0 5.3023e-113 0 6.1068e-158 3.0799e-142 0 9.5118e-244 8.4179e-166 0 1.1856e-317 9.8456e-148 2.2354e-225 0 2.8375e-262 0 0 9.82e-113 1.9498e-304 0 1.487e-60 1.6278e-261 6.5613e-164 2.3637e-220 0 0 0 0 8.2405e-274 4.1782e-243 0 1.013e-197 0 1.9131e-272 0 6.0673e-192 0 3.8502e-238 0 0 2.9059e-300 0 1.1924e-291 1.2969e-204 1.4529e-188 0 0 0 0 5.2537e-144 1.2984e-235 1.4564e-265 2.7269e-300 4.3449e-88 9.2477e-275 0 0 9.4797e-237 0 7.3363e-193 0 1.8828e-85 0 0 4.9091e-135 6.8473e-249 3.9599e-216 8.7664e-297 0 0 0 0 5.1261e-93 5.3192e-118 0 1.0239e-195 5.3588e-312 7.7617e-272 0 0 3.1915e-165 0 8.9224e-108 0 0 0 5.286e-320 0 0 0 0 0 0 8.4668e-171 3.1867e-228 2.7339e-98 0 5.1821e-303 0 1.2851e-268 5.9182e-300 1.7027e-207 7.4275e-292 4.5839e-103 5.1261e-93 1.1878e-204 0 0 2.337e-166 1.4546e-149 7.2691e-105 5.5407e-270 0 5.9861e-212 0 8.7477e-273 1.2822e-256 7.4224e-140 0 0 2.0005e-306 0 0 5.5158e-174 0 0 2.8407e-295 1.3379e-317 0 0 0 2.2764e-208 1.3826e-165 0 7.1186e-305 0 8.2537e-125 0 6.6511e-278 6.406e-260 0 4.1517e-73 1.1445e-255 0 0 2.8329e-228 0 1.8892e-265 6.8017e-88 3.0904e-170 0 3.6081e-318 1.0431e-318 2.9372e-198 0 0 0 0 0 0 0 0 0 0 8.9877e-172
2.2828e-294 3.8394e-30 0 7.8994e-102 5.9436e-62 1.0153e-89 0 1.0952e-185 0 0 4.9891e-82 0 2.4673e-58 2.6394e-48 0 5.983e-139 0 0 2.4137e-140 4.6965e-280 0.0041494 0 0 0 0 2.9529e-144 0 3.9362e-204 6.0473e-70 1.591e-139 0 4.2771e-116 2.41e-170 1.9171e-41 1.9963e-184 1.2289e-125 0 8.4102e-173 0 3.499e-134 1.3917e-210 8.8501e-124 3.4236e-155 1.8508e-228 5.2402e-232 2.7039e-285 1.6634e-98 1.6934e-156 0 2.2048e-220 9.6043e-108 0 1.8154e-134 5.8207e-93 9.0896e-277 1.2246e-138 0 3.5773e-62 7.5556e-66 1.6895e-183 4.2182e-279 1.8794e-113 5.0857e-133 0 6.7793e-71 0 0 1.3053e-49 1.7468e-163 2.5663e-156 1.6224e-172 3.9223e-86 9.2035e-276 2.2386e-191 7.3915e-170 9.7519e-101 2.2732e-106 1.6737e-273 1.1747e-261 1.0941e-200 0 6.603e-314 5.8905e-36 7.2771e-65 6.4826e-100 3.3542e-53 0 1.223e-74 5.4959e-87 0 3.3232e-131 0 0 2.4851e-90 8.9321e-277 9.1405e-49 2.8892e-272 3.6648e-226 9.0334e-164 6.3474e-302 2.4427e-251 2.4544e-185 6.4765e-64 5.3898e-202 2.6894e-64 5.6248e-33 5.0634e-45 0 4.3294e-57 2.6697e-65 3.8136e-298 1.1485e-122 0 3.025e-58 0 4.6379e-92 1.7527e-50 4.3748e-169 7.6052e-35 1.1006e-142 4.2199e-127 1.7094e-292 6.0197e-50 0 1.0602e-66 0 4.654e-38 3.4768e-49 6.2287e-79 4.1686e-102 0 0 0 2.4219e-81 6.4102e-188 5.1735e-93 3.6329e-112 4.0204e-92 1.3293e-130 0 4.8291e-279 5.0998e-55 1.7038e-39 3.5929e-168 4.2895e-169 2.4992e-23 0 3.2256e-64 7.4118e-129 8.2019e-193 0 6.0369e-25 4.5712e-21 2.4656e-41 0 1.9262e-166 0 9.8496e-208 8.1931e-246 1.3279e-179 1.8009e-158 0 6.1251e-168 0 7.0784e-256 2.4626e-86 0 1.0274e-98 4.2063e-73 2.4083e-44 1.2315e-98 2.2692e-320 1.7455e-36 1.3581e-69 0 1.5004e-129 3.836e-57 2.0219e-89 9.5397e-49 2.5087e-120 7.4118e-129 4.1603e-60 0 0 4.2433e-194 1.1217e-182 5.0853e-160 0 2.4486e-82 0 1.1066e-63 4.9787e-49 3.463e-50 1.0426e-110 4.4101e-125 0 4.007e-45 1.138e-69 4.9416e-57 0 3.312e-48 1.1738e-98 0 1.757e-202 0 4.9585e-252 4.8071e-38 1.1193e-45 8.1465e-63 1.1798e-170 1.8983e-64 2.3813e-23 3.062e-69 0 4.5989e-20 1.1657e-206 1.1713e-36 2.1081e-157 5.8952e-94 3.4342e-85 1.4093e-259 0 0 2.5521e-24 2.4398e-134 0 2.3945e-93 0 0 7.1798e-40 0 1.3361e-125 1.1024e-82 1.4798e-235 1.1536e-58 4.3086e-99 1.7364e-198 3.2354e-74 1.4029e-206 3.6542e-97 2.9537e-261
0 0 0 0 0 0 0 0 0 0 0 0 0 0 0 0 0 0 0 0 0 0.0041494 0 0 0 0 0 0 0 0 0 0 0 0 0 0 0 0 0 0 0 0 0 0 0 0 0 0 0 0 0 0 0 0 0 0 0 0 0 0 0 0 0 2.3401e-191 0 0 0 0 0 0 0 0 0 0 0 0 0 0 0 4.8165e-300 0 0 0 0 0 0 2.4541e-265 0 0 0 0 0 0 0 0 0 0 1.3524e-201 0 0 0 0 0 0 0 0 0 0 0 0 1.9841e-218 0 0 0 0 0 0 0 0 0 0 0 0 0 0 0 0 0 0 0 2.0153e-155 0 0 0 0 0 0 0 0 0 0 0 0 0 0 0 0 0 0 0 0 0 0 0 0 0 0 0 0 0 0 0 0 0 0 0 0 0 0 0 0 0 0 0 0 0 0 0 0 0 0 0 0 0 1.4047e-288 0 0 2.5541e-311 0 0 0 0 0 0 0 0 0 0 0 0 0 0 0 0 0 0 0 0 0 0 0 0 0 0 0 0 0 0 0 0 0 0 0 0 0 2.4794e-260 0 0 0 0 0 0 0 0 0 0 0 0 2.2399e-317 0 0
0 0 1.7794e-238 0 2.0252e-297 3.4702e-280 0 1.0442e-312 6.0418e-266 9.6754e-295 0 0 0 1.2987e-289 2.0522e-245 0 0 0 2.2371e-207 1.5356e-118 0 0 0.0041494 0 0 0 1.8858e-112 0 0 3.8401e-124 0 1.7174e-313 1.039e-215 0 7.562e-98 0 3.8582e-124 7.004e-125 0 0 0 0 6.4535e-234 9.172e-49 0 0 3.008e-189 0 0 6.7713e-267 8.524e-218 0 0 0 0 0 8.379e-49 0 0 0 0 7.525e-184 1.5718e-220 0 0 0 0 7.1765e-239 0 0 2.3308e-243 0 2.4303e-316 8.1968e-202 1.5484e-306 1.8547e-243 0 0 3.1457e-136 0 2.5043e-235 6.9271e-71 0 2.3003e-251 9.2398e-293 0 0 9.624e-196 0 0 0 0 0 8.9822e-188 0 0 1.48e-238 0 3.4091e-322 0 0 0 0 0 3.6816e-265 1.4599e-290 0 1.2407e-214 0 0 0 4.3879e-169 0 0 0 0 0 0 0 5.7757e-302 0 0 0 0 0 4.433e-303 6.0897e-281 0 0 3.1079e-261 0 0 0 0 0 2.8034e-257 0 5.6973e-134 0 0 0 0 1.1464e-316 0 0 0 0 0 2.5337e-194 2.4195e-121 0 0 0 0 0 0 0 0 5.0024e-227 0 0 0 3.8901e-256 0 0 0 0 0 0 0 5.1592e-270 6.5111e-191 0 2.2935e-303 0 6.3558e-210 2.1696e-318 4.5947e-252 0 1.8035e-137 2.5337e-194 1.692e-242 0 0 0 4.893e-150 2.5715e-110 0 0 1.5266e-145 0 0 0 3.9622e-210 7.2149e-295 0 0 0 0 3.4551e-257 0 0 1.8905e-125 4.6199e-315 1.4577e-279 0 0 0 1.824e-314 0 0 0 7.1305e-251 0 0 7.4011e-321 0 9.9525e-168 0 0 0 3.8621e-97 0 0 2.513e-149 0 0 0 0 2.6003e-319 0 0 0 0 0 4.416e-278 0 0 0 1.0867e-312 2.9173e-243
0 0 0 0 0 0 0 2.9379e-89 0 3.1705e-140 0 0 0 0 5.9986e-228 5.1514e-233 0 0 0 0 0 0 0 0.0041494 0 9.6019e-282 0 1.6198e-285 0 0 0 1.7121e-276 0 0 3.2322e-194 0 0 4.9599e-267 0 1.9982e-232 0 1.7135e-215 1.5394e-276 0 0 0 0 0 0 0 2.3838e-240 0 2.4778e-318 0 2.9136e-247 0 0 0 0 0 0 0 0 0 4.8466e-295 0 0 0 0 0 0 0 0 0 0 2.7108e-306 0 2.4288e-243 0 0 4.1202e-250 1.598e-235 0 0 1.9245e-151 0 0 5.6794e-298 0 0 0 0 0 0 0 0 0 0 0 2.3613e-275 4.6131e-257 0 0 9.2127e-161 0 0 0 1.599e-231 0 0 0 0 0 0 0 0 0 8.3015e-210 0 0 0 1.8406e-100 0 0 0 0 0 0 0 3.4102e-278 0 0 0 0 0 0 0 1.7987e-285 4.5686e-178 1.084e-216 0 8.3517e-292 6.3591e-308 0 0 0 0 8.2693e-274 0 1.1413e-203 0 0 0 0 0 1.0764e-173 0 0 0 0 1.2191e-188 0 0 0 1.3068e-216 1.0602e-309 9.1938e-169 1.443e-307 0 2.0459e-281 8.3078e-242 0 0 0 0 5.3724e-247 2.6893e-278 0 0 0 0 4.7537e-292 0 1.7467e-168 0 0 0 0 7.8516e-228 8.0116e-150 0 0 0 2.6915e-232 0 0 0 0 0 0 0 3.2798e-273 0 0 0 0 0 0 0 0 0 0 0 0 0 8.9178e-71 0 0 0 2.939e-294 0 0 3.8762e-126 0 0 0 1.0238e-268 0 0 0 0 0 0 2.7866e-223 0 0 0 6.3051e-272 2.8185e-290 0 0
0 0 0 0 0 0 0 0 0 0 0 0 0 0 0 0 0 0 0 0 0 0 0 0 0.0041494 0 0 0 0 0 0 0 0 0 0 0 0 0 0 0 0 0 0 0 0 0 0 0 0 0 0 0 0 0 0 0 0 0 0 0 0 0 0 0 0 0 0 0 0 0 0 0 0 0 0 0 0 0 0 0 0 0 0 0 0 0 0 0 0 0 0 0 0 0 0 0 0 0 0 0 0 0 0 0 0 0 0 0 0 0 0 0 0 0 0 0 0 0 0 0 0 0 0 0 0 0 0 0 0 0 0 0 0 0 0 0 0 0 0 0 0 0 0 0 0 0 0 0 0 0 0 0 0 0 0 0 0 0 0 0 0 0 0 0 0 0 0 0 0 0 0 0 0 0 0 0 0 0 0 0 0 0 0 0 0 0 0 0 0 0 0 0 0 0 0 0 0 0 0 0 0 0 0 0 0 0 0 0 0 0 0 0 0 0 0 0 0 0 0 0 0 0 0 0 0 0 0 0 0 0 0 0 0 0 0 0 0 0 0 0 0
0 1.0469e-151 0 0 1.4119e-262 0 0 1.1277e-203 0 3.1818e-226 6.1571e-43 0 1.0566e-147 5.7788e-76 0 6.688e-97 0 0 6.1182e-106 1.0581e-269 2.9529e-144 0 0 9.6019e-282 0 0.0041494 0 1.9225e-65 1.0566e-144 9.4662e-284 5.1312e-184 2.62e-29 6.0637e-209 3.3136e-133 1.0218e-207 7.5648e-90 0 4.6047e-244 0 1.937e-117 2.5081e-107 9.362e-176 0 0 1.4485e-94 1.7894e-251 3.4362e-290 0 0 2.2268e-246 4.4194e-57 0 4.0131e-211 9.1957e-64 0 3.361e-198 0 8.7113e-260 3.5179e-183 5.5598e-190 3.076e-83 2.4755e-291 9.3306e-138 0 1.2592e-117 0 0 6.2238e-84 7.0348e-79 1.5557e-149 1.0524e-238 0 0 0 1.3909e-178 2.7018e-40 7.4496e-198 7.2982e-316 2.6443e-196 0 0 0 3.9815e-156 1.9085e-192 5.2858e-92 5.1027e-143 0 1.7459e-71 7.1423e-193 1.5139e-268 8.2316e-138 0 0 1.2924e-103 9.415e-148 6.9066e-95 6.5268e-236 9.4346e-284 5.3791e-56 0 0 0 5.4285e-92 3.2667e-266 3.6614e-270 1.2698e-139 1.1028e-195 0 2.5243e-133 7.552e-190 0 5.553e-211 0 4.9847e-175 0 0 8.6112e-246 2.0299e-206 4.2821e-226 1.3855e-73 8.4473e-26 0 5.1461e-113 0 8.737e-102 0 3.3124e-172 4.4083e-132 1.2418e-157 2.6184e-191 0 0 0 4.8657e-231 1.9297e-263 1.0098e-74 1.5829e-65 6.5123e-161 3.0706e-71 0 2.6768e-169 1.5414e-90 5.3399e-135 2.2029e-260 1.2593e-96 1.2219e-120 0 2.6673e-97 1.0631e-143 4.4296e-169 0 1.4332e-177 5.8069e-134 1.5412e-67 0 1.0844e-242 0 2.9788e-162 2.094e-211 0 8.8474e-184 0 0 0 1.891e-275 2.2114e-264 0 2.2019e-208 2.9745e-206 6.4101e-66 4.1978e-114 0 7.4755e-133 4.6705e-235 0 5.411e-194 1.9585e-133 4.0513e-283 1.1618e-106 8.2539e-114 1.0631e-143 1.4918e-82 0 0 1.0526e-220 8.7118e-101 2.7779e-151 0 1.1729e-186 1.071e-247 4.4867e-160 1.4914e-85 2.2127e-85 3.7626e-187 3.8391e-286 0 7.7285e-143 3.4698e-173 5.7496e-209 0 1.6627e-146 1.6466e-104 0 1.0288e-99 0 0 5.2865e-74 7.9676e-81 4.2795e-92 0 4.2876e-65 6.4393e-83 5.5374e-139 0 1.8035e-187 6.9582e-143 1.7257e-87 6.2827e-209 2.5881e-36 5.5546e-204 1.3397e-306 0 0 1.2478e-217 1.3572e-137 0 3.4006e-136 0 0 4.7277e-142 0 2.4932e-109 1.6735e-77 0 2.6381e-148 4.424e-285 5.6732e-95 9.9461e-95 7.8164e-301 2.5567e-315 4.1265e-258
0 0 0 0 0 0 0 0 0 5.2759e-294 0 0 0 0 0 0 0 0 0 1.4568e-226 0 0 1.8858e-112 0 0 0 0.0041494 0 0 0 0 0 0 0 5.1028e-226 0 0 1.8919e-244 0 0 0 0 0 2.2523e-197 0 0 0 0 0 0 0 0 0 0 0 0 1.8512e-179 0 0 0 0 0 0 0 0 0 0 0 0 0 0 0 0 0 0 0 0 0 2.4845e-303 0 1.474e-133 3.6924e-155 0 0 0 0 0 0 0 0 0 0 0 0 0 0 0 0 0 0 0 0 0 0 0 0 0 5.6203e-222 0 0 0 0 0 0 0 0 0 0 0 0 0 0 0 0 0 0 0 0 0 0 0 0 0 0 0 0 0 0 0 0 0 0 0 0 0 0 0 0 0 9.6114e-259 0 0 0 0 0 0 0 0 0 0 0 0 0 0 0 0 0 0 0 0 0 5.8955e-236 0 0 0 0 0 0 0 0 0 0 0 0 0 0 6.7346e-318 0 0 9.0309e-218 0 0 0 0 0 4.3118e-285 0 0 0 0 0 0 1.7778e-176 0 4.4366e-213 0 0 0 0 0 0 0 0 0 0 0 0 0 0 0 0 3.7272e-59 0 0 0 0 0 0 0 0 0 0 0 0 0 0 0 0 0 0 0
